Grid_Ref	longitude	latitude	Rainforest.P	Residential.P	Fruit.P	Other.P	Total_Road	Sightings	Strikes	Residential.01	Fruit.01	Dresid	Dfruit
A21	385500	8017500	0.842024	0.157559	0	0.000416508	0.00314334	1	0	1	0	125.375984843	2084.88598744
A22	385500	8016500	0.524714	0.280275	0	0.195011	1.1285786	6	0	1	0	0	1133.86770619
A23	385500	8015500	0.398308	0.344814	0.0709217	0.185956	1.13517	0	0	1	1	0	373.66812843
A24	385500	8014500	0.245828	0.0397942	0.00798164	0.706397	1.318295	0	0	1	1	218.608802796	566.717421327
A25	385500	8013500	0	0	0	1	0.398934	0	0	0	0	864.79300608	1308.94192199
A29	385500	8009500	0.0114531	0	0	0.988547	0.620958	0	0	0	0	1044.05821992	2076.64735226
A30	385500	8008500	0	0	0	1	0.429702	0	0	0	0	897.589800246	1292.53803866
B16	386500	8022500	0.504824	0.0659933	0	0.429183	0.437097	0	0	1	0	400.988261042	587.312761689
B17	386500	8021500	0.230887	0.217511	0.0168885	0.534714	1.45811	0	0	1	1	227.104641727	335.385360085
B18	386500	8020500	0.227752	0.444482	0	0.327765	1.1338637	0	0	1	0	0	1315.88266992
B19	386500	8019500	0.288961	0.00225024	0	0.708788	1.01986	0	0	1	0	554.704233802	2313.04996067
B20	386500	8018500	0.151439	0.239032	0	0.609529	1.02024	0	0	1	0	94.0493971137	2966.01269832
B21	386500	8017500	0.129303	0.509488	0	0.361209	1.07344	0	1	1	0	0	1966.44528187
B22	386500	8016500	0.111769	0.0596182	0	0.828613	1.00302	0	0	1	0	197.956649177	967.772063342
B25	386500	8013500	0.109697	0.0144691	0.00135137	0.874483	0.571236	1	0	1	1	380.849695649	564.089628151
B26	386500	8012500	0.0417099	0.00632323	0.0392878	0.912679	1.13507	0	0	1	1	598.043630396	385.083390263
B29	386500	8009500	0	0	0	1	0.0970785	0	0	0	0	543.947439193	1820.90553956
B30	386500	8008500	0	0.0167386	0	0.983261	0.90716	0	0	1	0	336.578507647	820.90641349
C16	387500	8022500	0.128249	0.0138729	0	0.857878	1.14152	0	0	1	0	133.894570252	1170.88938486
C18	387500	8020500	0.0771105	0	0	0.922889	0.194703	0	0	0	0	526.429844674	1704.05120424
C19	387500	8019500	0.0831363	0.0262742	0	0.89059	1.00473	0	0	1	0	378.991998633	2563.87762788
C20	387500	8018500	0.0473287	0.0436809	0	0.908991	1.1621022	0	1	1	0	97.6931754819	3152.66315675
C21	387500	8017500	0.0940945	0.0330158	0	0.87289	1.19986	1	0	1	0	303.649083306	2210.96280961
C22	387500	8016500	0.0423691	0	0	0.957631	1.204592	0	0	0	0	744.061399087	1345.33733395
C23	387500	8015500	0.0688548	0	0	0.931145	1.00735	4	0	0	0	992.867362023	740.837805895
C24	387500	8014500	0.0440906	0	0	0.955909	1.01642	0	0	0	0	640.286113439	697.328780368
C25	387500	8013500	0.0195381	0.0315779	0	0.948884	1.76607	0	0	1	0	89.6749171991	736.809547338
C26	387500	8012500	0	0	0	1	0.5710819	0	0	0	0	885.739718012	1352.67062746
C28	387500	8010500	0.219309	0.0184566	0	0.762235	0.265471	0	0	1	0	304.34702381	2075.74061961
C29	387500	8009500	0	0.0665512	0	0.933449	1.884508747	0	0	1	0	82.3472136923	2078.20348916
C30	387500	8008500	0	0.00617531	0	0.993825	1.204114	0	0	1	0	498.055174129	1276.01577301
C31	387500	8007500	0.0912274	0.0537725	0	0.855	1.0658	0	0	1	0	443.790068227	773.462526146
D16	388500	8022500	0.110223	0.071095	0	0.818682	1.232235	1	0	1	0	133.344459738	705.990084135
D17	388500	8021500	0.0509532	0	0	0.949047	1.29929	0	1	0	0	605.591369772	1703.83950365
D18	388500	8020500	0	0	0	1	0.812149	0	0	0	0	1007.29027917	2454.03263342
D19	388500	8019500	0	0	0	1	0.294741	0	0	0	0	726.020495562	2750.9563599
D20	388500	8018500	0.0328669	0	0	0.967133	1.862548	1	0	0	0	766.77905555	3029.11371026
D25	388500	8013500	0.0464445	0.0232122	0	0.930343	0.671445	0	0	1	0	165.149851842	1630.36584705
D26	388500	8012500	0	0	0	1	1.019589	0	0	0	0	843.703981551	1698.99735377
D27	388500	8011500	0	0.0967552	0	0.903245	1.614817	0	0	1	0	0	1376.82423122
D28	388500	8010500	0	0	0	1	0.906235	0	0	0	0	604.087165232	1435.79218917
D29	388500	8009500	0	0	0	1	1.002	0	0	0	0	1022.81588032	2020.89998717
E15	389500	8023500	0.119762	0.0136925	0.000264565	0.866281	1.122102	0	0	1	1	452.727344621	556.511878545
E16	389500	8022500	0.000535973	0.0946563	0	0.904808	2.032474	1	1	1	0	236.85902445	1126.13183368
E18	389500	8020500	0.0358848	0.0381778	0	0.925937	0.861051	0	0	1	0	449.608170605	1819.80293785
E19	389500	8019500	0.0561992	0	0	0.943801	1.448972	1	0	0	0	1070.58423027	1760.60115942
E20	389500	8018500	0.0350946	0	0	0.964905	0.510765	0	0	0	0	1090.3279502	2141.19940454
E26	389500	8012500	0.0424776	0.0190041	0	0.938518	1.005237	0	0	1	0	379.437173382	707.771773389
E27	389500	8011500	0.0509391	0	0.0458847	0.903176	1.01976	0	0	0	1	926.125525876	409.422657018
E28	389500	8010500	0	0	0	1	1.341131	0	0	0	0	958.744687124	614.931321764
E29	389500	8009500	0.0112249	0.0716927	0	0.917082	1.669499	0	0	1	0	150.484882708	1336.6967858
F01	390500	8037500	0.475934	0	0	0.524066	1.24394	0	0	0	0	3522.38853399	2439.39369347
F02	390500	8036500	0.152913	0	0	0.847087	0.255343	0	0	0	0	3948.47983729	2139.2691614
F04	390500	8034500	0.0442354	0	0	0.955765	0.441998	0	0	0	0	4962.65847973	1531.94570276
F05	390500	8033500	0.512717	0	0	0.487283	1.287571	0	0	0	0	4405.71331763	2007.69739165
F14	390500	8024500	0.380081	0.129796	0	0.490123	0.821066	0	0	1	0	169.713757903	753.615347685
F15	390500	8023500	0	0	0	1	0.253555	0	0	0	0	641.763864645	850.561345925
F16	390500	8022500	0	0.113169	0	0.886832	1.32434	0	0	1	0	192.531044855	1656.99392366
F17	390500	8021500	0	0	0	1	1.18379	0	0	0	0	739.43239067	1745.81441436
F18	390500	8020500	0.0385617	0.0200666	0	0.941372	0.374302	0	0	1	0	452.578354151	931.915205659
F19	390500	8019500	0.0981097	0.0452279	0	0.856662	0.730733	3	1	1	0	426.394326819	794.541468849
F20	390500	8018500	0.412747	0.0104068	0	0.576846	0.288451	4	0	1	0	388.886727423	1295.80673989
F25	390500	8013500	0.870653	0	0	0.129347	0.688918	0	0	0	0	724.973580954	712.18140231
F26	390500	8012500	0.0495776	0.0102355	0.110627	0.82956	0.459465	0	0	1	1	426.685957578	20.9000141756
F27	390500	8011500	0	0	0.122907	0.877093	1.04943	0	0	0	1	1331.39438994	58.3624694383
F28	390500	8010500	0.000237742	0	0.0967726	0.90299	1.302586	0	0	0	1	1041.17801327	129.35797444
F29	390500	8009500	0.00736027	0.035442	0.0000837827	0.957114	1.087357	0	0	1	1	313.943282883	552.464666039
F30	390500	8008500	0.0923878	0	0	0.907612	0.0163702	0	0	0	0	873.924186362	1509.94602168
G02	391500	8036500	0.00939737	0	0	0.990603	1.731176	0	0	0	0	3145.24521163	1609.74133519
G03	391500	8035500	0	0	0	1	1.0059925	0	0	0	0	3837.74680736	725.418673449
G04	391500	8034500	0.0145576	0	0.000895094	0.984547	1.21615	0	0	0	1	4229.83913867	600.241567177
G14	391500	8024500	0.368133	0.0371999	0	0.594667	1.32465	0	0	1	0	426.87722895	1243.03310649
G15	391500	8023500	0.016066	0.0369688	0	0.946965	1.70534648	2	0	1	0	311.808010307	1743.99903409
G16	391500	8022500	0	0.0298229	0	0.970177	1.943467	0	0	1	0	343.395321443	1983.52864193
G19	391500	8019500	0.0545015	0.186529	0.290603	0.468367	1.06816	3	0	1	1	71.3236921575	0
G25	391500	8013500	0.754554	0	0	0.245446	0.819332	0	0	0	0	1447.06506689	1135.15634307
G26	391500	8012500	0	0	0	1	0.797437	0	0	0	0	1326.69126094	802.369606615
G28	391500	8010500	0.0314735	0	0.0119413	0.956585	1.974254	1	0	0	1	1646.74544794	430.410830904
G29	391500	8009500	0.0261176	0	0	0.973882	1.16755	0	0	0	0	1313.87948453	885.91318546
G30	391500	8008500	0.0120507	0	0	0.987949	2.132857	0	0	0	0	808.834190352	1661.1929308
H01	392500	8037500	0	0	0	1	0.850286	1	0	0	0	1735.32988677	999.745273156
H02	392500	8036500	0	0	0	1	0.671213	0	0	0	0	2430.320215	1568.04865359
H08	392500	8030500	0.789477	0	0	0.210523	0.153767	0	0	0	0	1704.79258841	1929.05927783
H09	392500	8029500	0.284651	0	0	0.71535	0.811747	0	0	0	0	1969.72537707	1317.06380266
H10	392500	8028500	0.656446	0	0	0.343554	0.390164	0	0	0	0	1123.52593966	701.277833606
H11	392500	8027500	0.748838	0.121701	0.000337752	0.129123	1.01009	0	0	1	1	212.622702898	491.625049877
H12	392500	8026500	0.766612	0.00446295	0.219985	0.00893977	1.438863	0	0	1	1	508.407766238	12.8696282875
H13	392500	8025500	0.758332	0.0260458	0.125736	0.0898865	2.05507	0	0	1	1	385.438280961	169.036550115
H14	392500	8024500	0.338271	0.0837858	0	0.577943	1.460241	0	0	1	0	0	546.003483599
H15	392500	8023500	0.0211107	0.0755214	0	0.903368	0.207369	0	0	1	0	306.078776394	1536.8223781
H16	392500	8022500	0.0128846	0.0428244	0	0.944291	1.00278	0	0	1	0	46.9187494895	1595.79022838
H19	392500	8019500	0.10259	0.0602677	0	0.837142	0.0529433	1	0	1	0	399.636641311	703.399198981
H20	392500	8018500	0.703608	0.134914	0	0.161478	1.08267	24	0	1	0	128.572739867	1100.2924903
H26	392500	8012500	0	0	0	1	0.514919	0	0	0	0	1825.71915161	1802.2021826
H27	392500	8011500	0	0	0	1	1.002278	0	0	0	0	1518.32375933	1750.25457166
H28	392500	8010500	0	0	0	1	1.00650553	0	0	0	0	1652.89800154	1430.34868918
H29	392500	8009500	0.0783063	0	0	0.921694	1.08495835	0	0	0	0	1410.98476898	1684.51537416
H30	392500	8008500	0.0750129	0.0226986	0	0.902289	1.0733285	0	0	1	0	411.500428062	1641.66160696
H31	392500	8007500	0.535408	0.0514636	0	0.413128	1.14627	0	0	1	0	242.469526072	1827.35547483
I01	393500	8037500	0	0	0	1	1.00195	0	0	0	0	1041.44713617	1046.79141549
I08	393500	8030500	0.277529	0	0	0.722471	1.15825	0	1	0	0	704.865642305	1128.30221336
I09	393500	8029500	0.0364863	0	0	0.963514	0.740141	0	0	0	0	1212.5740659	826.465508773
I10	393500	8028500	0.398434	0	0.0955524	0.506014	1.859221	0	1	0	1	1293.08426529	90.3148450854
I11	393500	8027500	0.932552	0	0	0.0674476	1.16882	0	0	0	0	597.641464951	673.905062361
I12	393500	8026500	0.978429	0	0	0.0215714	0.727727	0	0	0	0	796.850316405	786.788084396
I16	393500	8022500	0.0276326	0	0	0.972367	1.1682	1	0	0	0	791.093776745	1679.04314241
I20	393500	8018500	0.891457	0	0	0.108543	1.07639	12	0	0	0	1090.82186593	1738.93386422
I28	393500	8010500	0	0	0	1	0.533332	0	0	0	0	668.369740124	1759.10370631
I29	393500	8009500	0.0970001	0	0	0.903	0.508129	0	0	0	0	729.872917479	972.252404928
I30	393500	8008500	0.0623181	0	0	0.937682	1.17364	0	0	0	0	1103.74653178	660.563862097
J01	394500	8037500	0	0	0	1	1.00028	0	0	0	0	844.332589225	1714.92292254
J02	394500	8036500	0	0	0	1	1.049381	0	0	0	0	1561.6847432	1528.03277804
J04	394500	8034500	0.0367085	0	0.0464833	0.916808	1.362555	0	0	0	1	2821.29431227	267.013273613
J05	394500	8033500	0.0069106	0	0	0.993089	1.336723	0	0	0	0	1830.01951415	1037.9814048
J06	394500	8032500	0.0716741	0	0	0.928326	1.045152	0	0	0	0	859.209664679	967.376557212
J07	394500	8031500	0.084566	0.218776	0.0147838	0.681874	2.07562	0	0	1	1	114.026868659	136.891081435
J08	394500	8030500	0.141023	0.169817	0	0.689161	3.244268	3	0	1	0	105.806111826	715.443385045
J09	394500	8029500	0.0861216	0	0	0.913878	1.88799	0	0	0	0	697.30539815	1106.34492153
J10	394500	8028500	0.186916	0	0	0.813084	1.652361	3	0	0	0	1691.66698789	792.444697803
J11	394500	8027500	0.637284	0	0	0.362716	1.0079	0	0	0	0	1584.37183359	1150.31715279
J12	394500	8026500	0.483616	0	0	0.516384	0.70699	0	0	0	0	1711.1927207	837.911163795
J16	394500	8022500	0.247795	0.128865	0	0.62334	1.21102	0	0	1	0	58.4850752958	1810.43092285
J17	394500	8021500	0.0323318	0.176585	0	0.791083	1.03048	0	0	1	0	81.9572782137	1154.93951524
J18	394500	8020500	0.227162	0.0675399	0	0.705298	0.829669	1	0	1	0	383.576705024	623.617672776
J20	394500	8018500	1	0	0	0	1.00221	2	0	0	0	877.799453694	927.420710419
J27	394500	8011500	0.0273709	0.02351	0.0111543	0.937965	1.06273	0	0	1	1	313.887448266	417.902020598
J28	394500	8010500	0	0.0319258	0	0.968074	1.0031	0	0	1	0	215.072007624	1416.23578525
J29	394500	8009500	0.000829453	0.0327228	0	0.966448	1.1058219	0	0	1	0	287.54160254	704.325144358
J30	394500	8008500	0.0956592	0.0210952	0.229656	0.65359	1.09264	0	0	1	1	372.023642841	0
K01	395500	8037500	0.0196496	0.180441	0	0.79991	0.811172	0	0	1	0	219.321053179	2237.20836542
K05	395500	8033500	0.159369	0	0	0.840631	1.20609	0	0	0	0	1927.15667739	1601.93715378
K06	395500	8032500	0.0735175	0	0	0.926483	1.5196499	0	0	0	0	1026.65664679	1392.71896531
K07	395500	8031500	0.0728862	0	0.00118994	0.925924	0.27210069	0	0	0	1	625.228396087	659.748774002
K08	395500	8030500	0.113833	0	0.0264735	0.859693	1.433371	1	0	0	1	704.424918745	48.8910757258
K09	395500	8029500	0.101147	0	0	0.898853	0.601489	0	0	0	0	1063.37941027	1019.47639082
K10	395500	8028500	0	0	0	1	1.751471	0	0	0	0	1899.45868195	1695.19428306
K11	395500	8027500	0.0630804	0	0	0.93692	0.602865	0	0	0	0	2581.33548643	1070.08927484
K18	395500	8020500	0.621356	0.213668	0.0165848	0.148391	0.202595	0	0	1	1	64.6115569356	208.793745709
K19	395500	8019500	0.328714	0.121513	0.453864	0.0959092	1.379525	0	0	1	1	291.016778313	0
K20	395500	8018500	0.627738	0.232473	0	0.139788	1.707818	6	0	1	0	0	691.165787558
K21	395500	8017500	1	0	0	0	0.228474	12	0	0	0	599.217651698	1503.29869058
K27	395500	8011500	0.0426219	0	0	0.957378	1.124577	0	0	0	0	1313.68037967	932.693029704
K28	395500	8010500	0	0	0	1	1.000383	0	0	0	0	972.796207885	1656.52326097
K29	395500	8009500	0	0	0	1	1.669623	0	0	0	0	839.510447782	876.41415611
K30	395500	8008500	0.144319	0	0.249204	0.606478	1.1073544	0	0	0	1	542.100121392	88.8348645366
L01	396500	8037500	0.372286	0.264905	0	0.362809	2.3123005	0	0	1	0	37.2066525592	2231.83232016
L02	396500	8036500	0.21217	0	0	0.78783	1.028251	0	0	0	0	621.40223235	2486.66847639
L03	396500	8035500	0.267413	0	0	0.732587	1.00006	0	0	0	0	1607.41592825	2379.35340067
L04	396500	8034500	0	0	0	1	1.00006	0	0	0	0	2604.11812298	1768.9039626
L05	396500	8033500	0	0	0	1	1.561756	0	0	0	0	2433.63256744	836.131861746
L06	396500	8032500	0	0	0.0218054	0.978195	2.5547416	0	0	0	1	1806.28305768	408.891312842
L07	396500	8031500	0.10306	0	0.00248376	0.894456	0.73978	0	0	0	1	1381.98165657	636.901575274
L08	396500	8030500	0.190602	0	0.00500029	0.804398	1.00483	0	0	0	1	825.319441145	616.051951798
L11	396500	8027500	0.00596455	0	0.0345004	0.959535	1.01239	0	0	0	1	2773.40830676	364.348556796
L13	396500	8025500	0.472402	0	0	0.527598	1.1732614	0	0	0	0	2578.54274254	648.74926889
L21	396500	8017500	1	0	0	0	1.11701	1	0	0	0	1105.54688111	1257.16432752
L22	396500	8016500	0.840986	0	0.159014	0	0.432972	1	0	0	1	1847.38534789	257.28556035
L28	396500	8010500	0	0.047978	0	0.952022	0.270932	0	0	1	0	337.449064976	1718.63722224
L29	396500	8009500	0.409002	0.00144988	0	0.589548	1.416471	0	0	1	0	503.097675165	1418.13252988
M01	397500	8037500	0.00487593	0	0	0.995124	1.505242	0	0	0	0	574.609213749	1476.39384561
M02	397500	8036500	0.103411	0	0	0.896589	0.638971	0	0	0	0	1113.00949225	1506.84997402
M03	397500	8035500	0.108909	0	0	0.891091	0.60087	0	0	0	0	1978.82872624	2010.82727534
M06	397500	8032500	0.0600032	0	0.176728	0.763269	1.922706	0	0	0	1	2046.44718551	108.556652651
M08	397500	8030500	0.455869	0.070025	0.141463	0.332643	0.884117	2	0	1	1	52.8248596121	0
M09	397500	8029500	0.855551	0	0.00965587	0.134793	0.364496	1	0	0	1	577.737186019	400.697420454
M11	397500	8027500	0.43153	0	0.226248	0.342222	0.641391	0	0	0	1	2577.33133204	0
M12	397500	8026500	0.727754	0	0.239704	0.0325424	1.21863	0	0	0	1	3577.2985708	0
M13	397500	8025500	0.991887	0	0	0.00811265	1.2911248	0	0	0	0	3332.90812657	814.086140833
M14	397500	8024500	0.725435	0	0.113198	0.161367	0.409288	1	0	0	1	2871.48015875	220.067686848
M22	397500	8016500	0.810029	0	0.189971	0	1.01365	43	2	0	1	1787.07349036	333.316105923
M29	397500	8009500	0.192504	0	0	0.807496	1.02796	0	0	0	0	787.704787152	1763.32689928
N01	398500	8037500	0.0532997	0	0.00854997	0.93815	1.09515	0	0	0	1	1569.96205094	563.434190863
N02	398500	8036500	0.0224691	0	0.0060755	0.971455	0.0523868	0	0	0	1	1862.23112622	598.058171898
N06	398500	8032500	0.153231	0	0.0281747	0.818594	1.02274	0	0	0	1	2288.85343282	219.543415861
N09	398500	8029500	0.210441	0	0.162019	0.62754	1.24589	3	0	0	1	1072.20746135	126.231157421
N13	398500	8025500	0.840472	0	0	0.159528	0.801942	0	0	0	0	4191.38049873	842.611067085
N22	398500	8016500	0.700171	0	0.0277061	0.272123	1.15388	5	1	0	1	984.301510321	472.834395999
N23	398500	8015500	0.783116	0	0.15753	0.0593547	0.0146191	30	0	0	1	602.822345447	272.807605125
N29	398500	8009500	0.668538	0	0	0.331462	1.03092	1	1	0	0	995.762868029	907.794686322
O02	399500	8036500	0.135287	0	0.0104315	0.854281	1.12178	0	0	0	1	2774.35026719	556.833571309
O06	399500	8032500	0.0397203	0	0.173377	0.786903	0.538596	0	0	0	1	2879.1932882	148.760006245
O09	399500	8029500	0.0576114	0	0.0988512	0.843537	0.2186258	0	0	0	1	1989.04717901	323.80126417
O10	399500	8028500	0.481499	0	0.0814809	0.43702	1.902865	19	5	0	1	2472.14099489	347.548719193
O11	399500	8027500	0.80245	0	0.134945	0.0626051	1.06594	36	4	0	1	3204.16190553	259.86620954
O12	399500	8026500	0.363296	0	0.518926	0.117777	0.205376	12	0	0	1	4052.38521554	0
O22	399500	8016500	0.927793	0.0144926	0.0485109	0.00920333	0.190332	0	1	1	1	474.479195084	366.908934063
O23	399500	8015500	0.609889	0.138673	0.213619	0.0378191	1.692797	238	13	1	1	64.4487334303	179.015710741
O29	399500	8009500	0.622887	0.159004	0.0389582	0.179151	1.53596	4	0	1	1	105.227480345	294.231358858
P02	400500	8036500	0.0422823	0	0	0.957718	0.956057	0	0	0	0	3730.06715836	760.75856229
P03	400500	8035500	0.595619	0	0.011782	0.3926	0.471877	0	0	0	1	3575.09306011	384.699335653
P08	400500	8030500	0.0391741	0	0.223017	0.737809	0.315694	0	0	0	1	2886.90878651	0
P09	400500	8029500	0.0534473	0	0.115265	0.831287	1.28115	2	0	0	1	2952.54298749	320.585683465
P12	400500	8026500	0.91809	0	0.0617017	0.0202083	1.31857	252	3	0	1	3318.36659277	360.895805763
P13	400500	8025500	1	0	0	0	0.45657	572	2	0	0	3006.75076273	765.170444995
P21	400500	8017500	1	0	0	0	0.501088	22	2	0	0	1421.66382389	1352.84560628
P22	400500	8016500	0.91482	0.000279444	0.0812986	0.0036015	1.099635	67	0	1	1	585.28731948	377.820667981
P23	400500	8015500	0.509215	0.218247	0.241773	0.0307655	1.01615	9	1	1	1	14.5248891462	10.5722431838
P24	400500	8014500	0.475738	0.461825	0	0	0.285672	1	0	1	0	0	986.005397795
P28	400500	8010500	0.780071	0.029983	0	0.0452118	0.742456	3	0	1	0	382.626838357	1595.35705096
P29	400500	8009500	0.436518	0.117855	0	0.444789	0.754282	6	0	1	0	328.436379292	952.648734445
P30	400500	8008500	0.46307	0.150311	0	0.0979118	1.23589	0	0	1	0	142.604235264	1042.95971042
P31	400500	8007500	0.118732	0.112337	0	0.0687661	1.069276	0	0	1	0	264.743631205	1261.61104688
Q02	401500	8036500	0	0	0.0176748	0.982325	0.0815144	0	0	0	1	2871.48754264	444.746053959
Q03	401500	8035500	0.252528	0	0.0432687	0.704204	1.983393	0	1	0	1	2579.82252536	463.103079556
Q08	401500	8030500	0.14434	0	0.213731	0.641929	1.8326909	0	0	0	1	2018.19130431	233.718542716
Q13	401500	8025500	1	0	0	0	0.602174	2	1	0	0	2152.83775424	1487.20135564
Q14	401500	8024500	1	0	0	0	1.795629	80	3	0	0	1732.19334481	2135.30743768
Q19	401500	8019500	1	0	0	0	1.5173848	419	1	0	0	2106.97837693	2327.12830551
Q20	401500	8018500	1	0	0	0	1.09863	237	0	0	0	2199.91856615	1978.00662786
Q21	401500	8017500	1	0	0	0	0.66378	45	0	0	0	1993.72973553	1578.6154676
Q28	401500	8010500	0.283492	0.0133193	0	0	0.65535	0	0	1	0	349.529508308	2310.97402748
Q29	401500	8009500	0.293855	0.0117099	0	0	0.110795	0	1	1	0	344.058846094	1924.31194115
R01	402500	8037500	0.710986	0	0	0.289014	1.05468	0	0	0	0	2756.38171061	1849.30685769
R02	402500	8036500	0.493289	0	0	0.506711	1.09073	0	0	0	0	2029.68829662	1281.10568442
R03	402500	8035500	0.0792402	0	0	0.92076	1.02922	0	0	0	0	1590.49619185	864.515118099
R08	402500	8030500	0.268061	0	0.125702	0.606236	1.18425	2	0	0	1	1179.17356723	241.496674012
R14	402500	8024500	1	0	0	0	1.09164	46	3	0	0	771.138139818	1136.85247672
R19	402500	8019500	0.979087	0	0	0.0209132	1.4101491	102	1	0	0	1124.29151569	1524.19438876
R20	402500	8018500	0.99227	0	0	0.00773036	0.892499	52	5	0	0	1270.93645506	1007.56288325
S03	403500	8035500	0.63456	0	0.0574848	0.307955	1.03839	0	0	0	1	635.509252632	0
S08	403500	8030500	0.530521	0	0	0.458063	0.769392	4	0	0	0	587.16937828	904.107262577
S09	403500	8029500	0.74766	0	0.108393	0.143947	1.17022	66	2	0	1	925.059249822	99.7729497238
S10	403500	8028500	0.231038	0.0507177	0.631111	0.087134	0.57824	33	0	1	1	368.494734426	0
S14	403500	8024500	0.720168	0.0503081	0.120421	0.109104	0.564627	9	1	1	1	354.154867562	159.151670621
S15	403500	8023500	0.617681	0.077217	0.0144975	0.290605	1.37896	154	0	1	1	307.068223759	485.826058729
S16	403500	8022500	0.558199	0.110347	0.327625	0.00382959	1.00347	77	4	1	1	198.004102969	0
S17	403500	8021500	0.641793	0.220532	0	0.137674	1.297101	96	1	1	0	90.8388432797	801.983969178
S18	403500	8020500	0.488657	0.0410097	0	0.470334	1.00208	31	3	1	0	271.008123757	1801.97204132
S19	403500	8019500	0.903246	0.0728058	0	0.0239482	1.13878	84	3	1	0	277.969104901	1011.66270457
S20	403500	8018500	0.625501	0.0378455	0.114169	0.222484	0.185541	5	2	1	1	416.502447939	110.84775369
S21	403500	8017500	0.721112	0	0.0421274	0.23676	1.830577	185	4	0	1	553.234738897	430.632773395
S22	403500	8016500	0.453269	0.245111	0	0.294208	1.0890366	163	2	1	0	9.54564249381	1335.240234
S23	403500	8015500	0.33304	0.234356	0	0.22537	0.973732	54	1	1	0	56.0070861055	2311.47698456
T03	404500	8035500	0.49051	0.0562644	0	0.453226	0.499967	0	0	1	0	355.595194664	679.614494135
T04	404500	8034500	0.532758	0.136057	0.0045182	0.326667	2.019243	0	0	1	1	261.489806347	447.963004801
T05	404500	8033500	0.139492	0.235193	0.0743839	0.173577	1.299718	0	0	1	1	0	212.634428159
T10	404500	8028500	0.382478	0.279094	0	0.0602008	1.04225	48	0	1	0	44.1660924722	601.108683759
T11	404500	8027500	0.666896	0.190399	0	0	1.03887	217	0	1	0	186.106589855	951.591488627
T13	404500	8025500	0.297955	0.236111	0.450454	0.0154797	0.466057	3	0	1	1	131.267256159	0
T14	404500	8024500	0.223359	0.0675037	0.561921	0.147216	0.0598029	12	0	1	1	344.828777384	0
T15	404500	8023500	0.503805	0.229658	0.000570845	0.265965	1.00208	79	1	1	1	194.224357972	557.281693954
T17	404500	8021500	0.282709	0.235344	0	0.0408688	0.571184	28	1	1	0	0	1022.56011089
T18	404500	8020500	0.0786135	0.126712	0	0.179612	1.00099	8	0	1	0	124.754761412	1898.07918071
T19	404500	8019500	0.197596	0.152631	0	0.00392632	1.00218	24	0	1	0	212.879090954	1199.10553971
T20	404500	8018500	0.106283	0.093734	0.00610531	0.178499	1.04134	5	0	1	1	104.600110565	558.902448426
T21	404500	8017500	0.346655	0	0.0118896	0.00396002	0.372171	13	0	0	1	572.91932229	575.769012271
T22	404500	8016500	0.0587495	0.0672737	0	0	0.00590503	22	1	1	0	346.1911448	1361.36938347
U04	405500	8034500	0.288453	0.291512	0	0.0409768	0.3926	0	0	1	0	0	1042.41462627
U11	405500	8027500	0.0247091	0.000286975	0	0	0.171737	0	0	1	0	615.809912771	1144.73761418
U12	405500	8026500	0.0751941	0.0847741	0.00953052	0	1.01702	12	1	1	1	362.075466267	456.04330374
U13	405500	8025500	0.308127	0.0566418	0.309481	0.122169	1.37808	11	0	1	1	172.056908388	0
U14	405500	8024500	0.25111	0.166961	0.134725	0.12042	1.970006	16	0	1	1	96.9988948103	250.671710072
U15	405500	8023500	0.141026	0.130549	0	0.0179803	0.355994	16	0	1	0	237.156461811	681.989819465
V13	406500	8025500	0.0930646	0.0243931	0	0	0.155086	0	0	1	0	353.559822866	903.354665607
